batch_size: 32
clip_eps: 0.1939073496978383
ent_coef: 0.0043383816041253995
epochs: 4
gamma: 0.9077559465144107
hidden_dim: 512
lr: 0.0011501935826115552
num_layers: 3
use_orthogonal_init: true
