batch_size: 128
clip_eps: 0.16264539715693982
ent_coef: 0.043992250541082356
epochs: 8
gamma: 0.9210828435748393
hidden_dim: 256
lr: 0.0002857361491381326
num_layers: 3
use_orthogonal_init: true
