batch_size: 32
clip_eps: 0.21234685629588768
ent_coef: 0.0001098766093266465
epochs: 6
gamma: 0.9032642517264916
hidden_dim: 512
lr: 0.0006164884030957149
num_layers: 3
use_orthogonal_init: true
