batch_size: 32
clip_eps: 0.15822671615886663
ent_coef: 0.044199378826973085
epochs: 4
gamma: 0.9412231497306228
hidden_dim: 128
lr: 0.002767776975032588
num_layers: 3
use_orthogonal_init: false
