batch_size: 32
clip_eps: 0.1457859545828111
ent_coef: 0.040236682683052645
epochs: 5
gamma: 0.947758815609904
hidden_dim: 256
lr: 0.00012405390188865658
num_layers: 4
use_orthogonal_init: true
